LogLevel=1
#if ParamVersion changed, cocf.fw will be regenerated
ParamVersion=7
FWVersion=2122720
PanelCalibration=1
PanelNitsCalibration=1
CMDebug=1
inParam100nits=1
DualInterpolation=1
ForcePanelIdMatch=1
GammaCorrection=1
GammaWK=1
ReplaceOdf=1
ReplaceIndex=6, 7
TargetOdf=5
GameColorEnhance=1
AdjustLCH=1
Nature1Nit=1
Nature_1nit_White=0.3026,0.3127,0.3090,0.3200
ColorGamutExtension=1
Frame=12
Step=1
sLuxStart=10000
sLuxEnd=60000
Mdealy=100
RGB_XY_100_75_Step=0.031008,-0.009456,-0.006348,0.068120,-0.005520,-0.004656,0.031008,-0.009456,-0.006348,0.068120,-0.005520,-0.004656
#PanelName=PanelId, PanelName:be set at dts, PanelId: 0~99:primary panel(default without setting), 100~199: secondary panel
AA605_P_7_A0020_dsc_cmd_mode_panel=0

AA605_P_7_A0020_dsc_cmd_mode_panel_Vivid=0.6820  0.3220 0.2680 0.6870 0.1460 0.0570 0.3010 0.3133 0.4545454545  0.6660 0.3200 0.2660 0.6900 0.1450 0.0570 0.3010 0.3133  0.4545454545  1  0  0  0  0  0  0  0.4545454545  1  1  0  0  0  0.05 0.06 0.07 0.085 0.12 0.13 0.14  1  0  0  0  0  0  0  0  0  0  0  0  0  1  0  0  0  0  0  0  0  0  0  0  0  0  0  0  0  0  0  0  0  0  0  0  0  0  0  0  0  0  0  0  0  0
AA605_P_7_A0020_dsc_cmd_mode_panel_LsRGB=0.6470  0.3300 0.3030 0.5930 0.1460 0.0570 0.3010 0.3133 0.4545454545  0.6480 0.3300 0.3020 0.5960 0.1480 0.0560 0.3010 0.3133  0.4545454545  1  0  0  0  0  0  0  0.4545454545  1  1  0  0  0  0.05 0.06 0.07 0.07  0.08 0.08 0.10  1  0  0  0  0  0  0  0  0  0  0  0  0  1  0  0  0  0  0  0  0  0  0  0  0  0  0  0  0  0  0  0  0  0  0  0  0  0  0  0  0  0  0  0  0  0
AA605_P_7_A0020_dsc_cmd_mode_panel_Cinema=0.6820 0.3205 0.2655 0.6900 0.1458 0.0560 0.3065 0.3225 0.4545454545  0.6700 0.3180 0.2650 0.6910 0.1450 0.0570 0.3065 0.3225  0.4545454545  1  0  0  0  0  0  0  0.4545454545  1  1  0  0  0  0.01 0.02 0.03 0.03  0.05 0.04 0.01  1  0  0  0  0  0  0  0  0  0  0  0  0  1  0  0  0  0  0  0  0  0  0  0  0  0  0  0  0  0  0  0  0  0  0  0  0  0  0  0  0  0  0  0  0  0
AA605_P_7_A0020_dsc_cmd_mode_panel_Nature=0.643  0.3300 0.3000 0.5990 0.1460 0.0560 0.3065 0.3225 0.4545454545  0.6460 0.3300 0.3020 0.5960 0.1450 0.0570 0.3065 0.3225  0.4545454545  1  0  0  0  0  0  0  0.4545454545  1  1  0  0  0  0.01 0.02 0.03 0.03  0.05 0.04 0.01  1  0  0  0  0  0  0  0  0  0  0  0  0  1  0  0  0  0  0  0  0  0  0  0  0  0  0  0  0  0  0  0  0  0  0  0  0  0  0  0  0  0  0  0  0  0
AA605_P_7_A0020_dsc_cmd_mode_panel_EP3=0.6702    0.3250 0.2757 0.6765 0.1396 0.0468 0.3010 0.3133 0.4545454545 20  1  0.64  0.33  0.30  0.60  0.15  0.06  0.3010 0.3133  0.4545454545  0.026  0.013  0.252  0.515  -24  0.04  0.02  0.252  0.515  -24  10
AA605_P_7_A0020_dsc_cmd_mode_panel_EsRGB=0.6740  0.3215 0.2702 0.6826 0.1385 0.0456 0.3010 0.3133 0.4545454545 20  1  0.64  0.33  0.30  0.60  0.15  0.06  0.3010 0.3133  0.4545454545  0.026  0.013  0.252  0.515  -24  0.04  0.02  0.252  0.515  -24  10
AA605_P_7_A0020_dsc_cmd_mode_panel_game_color_enhance_Vivid=0.6874  0.3122 0.2392 0.7236 0.1378 0.0450 0.3010 0.3133 0.4545454545  0.6874 0.3122 0.2392 0.7236 0.1378 0.0450 0.3010 0.3133  0.4545454545  1  0  0  0  0  0  0  0.4545454545  1  1  0  0  0  0.05 0.06 0.07 0.085 0.12 0.13 0.14  1  0  0  0  0  0  0  0  0  0  0  0  0  1  0  0  0  0  0  0  0  0  0  0  0  0  0  0  0  0  0  0  0  0  0  0  0  0  0  0  0  0  0  0  0  0
AA605_P_7_A0020_dsc_cmd_mode_panel_game_color_enhance_LsRGB=0.6830  0.3200 0.2650 0.6900 0.1450 0.0550 0.3010 0.3133 0.4545454545  0.6830 0.3200 0.2650 0.6900 0.1450 0.0550 0.3010 0.3133  0.4545454545  1  0  0  0  0  0  0  0.4545454545  1  1  0  0  0  0.05 0.06 0.07 0.09  0.12 0.13 0.14  1  0  0  0  0  0  0  0  0  0  0  0  0  1  0  0  0  0  0  0  0  0  0  0  0  0  0  0  0  0  0  0  0  0  0  0  0  0  0  0  0  0  0  0  0  0
AA605_P_7_A0020_dsc_cmd_mode_panel_game_color_enhance_Cinema=0.6874 0.3122 0.2392 0.7236 0.1378 0.0450 0.3065 0.3225 0.4545454545  0.6874 0.3122 0.2392 0.7236 0.1378 0.0450 0.3065 0.3225  0.4545454545  1  0  0  0  0  0  0  0.4545454545  1  1  0  0  0  0.01 0.02 0.03 0.03  0.12 0.10 0.01  1  0  0  0  0  0  0  0  0  0  0  0  0  1  0  0  0  0  0  0  0  0  0  0  0  0  0  0  0  0  0  0  0  0  0  0  0  0  0  0  0  0  0  0  0  0
AA605_P_7_A0020_dsc_cmd_mode_panel_game_color_enhance_Nature=0.6820 0.3200 0.2650 0.6900 0.1450 0.0550 0.3065 0.3225 0.4545454545  0.6820 0.3200 0.2650 0.6900 0.1450 0.0550 0.3065 0.3225  0.4545454545  1  0  0  0  0  0  0  0.4545454545  1  1  0  0  0  0.01 0.02 0.03 0.03  0.12 0.10 0.01  1  0  0  0  0  0  0  0  0  0  0  0  0  1  0  0  0  0  0  0  0  0  0  0  0  0  0  0  0  0  0  0  0  0  0  0  0  0  0  0  0  0  0  0  0  0
AA605_P_7_A0020_dsc_cmd_mode_panel_game_color_enhance_EP3=0.6874    0.3122 0.2392 0.7236 0.1378 0.0450 0.3010 0.3133 0.4545454545 20  1  0.6874  0.3122 0.2392 0.7236 0.1378 0.0450 0.3010 0.3133  0.4545454545  0.026  0.013  0.252  0.515  -24  0.04  0.02  0.252  0.515  -24  10
AA605_P_7_A0020_dsc_cmd_mode_panel_game_color_enhance_EsRGB=0.6874  0.3122 0.2392 0.7236 0.1378 0.0450 0.3010 0.3133 0.4545454545 20  1  0.6874  0.3122 0.2392 0.7236 0.1378 0.0450 0.3010 0.3133  0.4545454545  0.026  0.013  0.252  0.515  -24  0.04  0.02  0.252  0.515  -24  10
AA605_P_7_A0020_dsc_cmd_mode_panel_Cinema_GameEnhanceXY=0.6903 0.3093 0.2444 0.7196 0.1366 0.0478 0.3065 0.3225
AA605_P_7_A0020_dsc_cmd_mode_panel_Nature_GameEnhanceXY=0.6903 0.3093 0.2444 0.7196 0.1366 0.0478 0.3065 0.3225
AA605_P_7_A0020_dsc_cmd_mode_panel_Vivid_GameEnhanceXY=0.6903 0.3093 0.2444 0.7196 0.1366 0.0478 0.3010 0.3133
AA605_P_7_A0020_dsc_cmd_mode_panel_LsRGB_GameEnhanceXY=0.6903 0.3093 0.2444 0.7196 0.1366 0.0478 0.3010 0.3133
AA605_P_7_A0020_dsc_cmd_mode_panel_EP3_GameEnhanceXY=0.6903 0.3093 0.2444 0.7196 0.1366 0.0478 0.3010 0.3133
AA605_P_7_A0020_dsc_cmd_mode_panel_EsRGB_GameEnhanceXY=0.6903 0.3093 0.2444 0.7196 0.1366 0.0478 0.3010 0.3133

AA605_P_7_A0020_dsc_cmd_mode_panel_Vivid_100nits=0.6820  0.3210 0.2660 0.6885 0.1460 0.0560 0.3010 0.3125 0.4545454545  0.6660 0.3200 0.2660 0.6900 0.1450 0.0570 0.3010 0.3125 0.4545454545  1  0  0  0  0  0  0  0.4545454545  1  1  0  0  0  0.02 0.03 0.04 0.05 0.07 0.09 0.12  1  0  0  0  0  0  0  0  0  0  0  0  0  1  0  0  0  0  0  0  0  0  0  0  0  0  0  0  0  0  0  0  0  0  0  0  0  0  0  0  0  0  0  0  0  0
AA605_P_7_A0020_dsc_cmd_mode_panel_LsRGB_100nits=0.6480  0.3300 0.3020 0.5970 0.1460 0.0560 0.3010 0.3125 0.4545454545  0.6450 0.3300 0.3020 0.5960 0.1460 0.0560 0.3010 0.3125 0.4545454545  1  0  0  0  0  0  0  0.4545454545  1  1  0  0  0  0.02 0.03 0.03 0.03 0.05 0.0  0.0   1  0  0  0  0  0  0  0  0  0  0  0  0  1  0  0  0  0  0  0  0  0  0  0  0  0  0  0  0  0  0  0  0  0  0  0  0  0  0  0  0  0  0  0  0  0
AA605_P_7_A0020_dsc_cmd_mode_panel_Cinema_100nits=0.6810 0.3205 0.2650 0.6900 0.1460 0.0560 0.3065 0.3225 0.4545454545  0.6700 0.3180 0.2650 0.6910 0.1450 0.0570 0.3065 0.3225 0.4545454545  1  0  0  0  0  0  0  0.4545454545  1  1  0  0  0  0    0    0    0    0.01 0.02 0.01  1  0  0  0  0  0  0  0  0  0  0  0  0  1  0  0  0  0  0  0  0  0  0  0  0  0  0  0  0  0  0  0  0  0  0  0  0  0  0  0  0  0  0  0  0  0
AA605_P_7_A0020_dsc_cmd_mode_panel_Nature_100nits=0.643  0.3300 0.3010 0.5990 0.1460 0.0560 0.3065 0.3225 0.4545454545  0.6440 0.3300 0.3020 0.5960 0.1450 0.0570 0.3065 0.3225 0.4545454545  1  0  0  0  0  0  0  0.4545454545  1  1  0  0  0  0    0    0    0    0.01 0.02 0.01  1  0  0  0  0  0  0  0  0  0  0  0  0  1  0  0  0  0  0  0  0  0  0  0  0  0  0  0  0  0  0  0  0  0  0  0  0  0  0  0  0  0  0  0  0  0
AA605_P_7_A0020_dsc_cmd_mode_panel_EP3_100nits=0.6702    0.3250 0.2757 0.6765 0.1396 0.0468 0.3010 0.3125 0.4545454545 20  1  0.64  0.33  0.30  0.60  0.15  0.06  0.3010 0.3125 0.4545454545  0.026  0.013  0.252  0.515  -24  0.04  0.02  0.252  0.515  -24  10
AA605_P_7_A0020_dsc_cmd_mode_panel_EsRGB_100nits=0.6740  0.3215 0.2702 0.6826 0.1385 0.0456 0.3010 0.3125 0.4545454545 20  1  0.64  0.33  0.30  0.60  0.15  0.06  0.3010 0.3125 0.4545454545  0.026  0.013  0.252  0.515  -24  0.04  0.02  0.252  0.515  -24  10
AA605_P_7_A0020_dsc_cmd_mode_panel_game_color_enhance_Vivid_100nits=0.6874  0.3122 0.2392 0.7236 0.1378 0.0450 0.3010 0.3125 0.4545454545  0.6874 0.3122 0.2392 0.7236 0.1378 0.0450 0.3010 0.3125  0.4545454545  1  0  0  0  0  0  0  0.4545454545  1  1  0  0  0  0.05 0.06 0.07 0.085 0.12 0.13 0.14  1  0  0  0  0  0  0  0  0  0  0  0  0  1  0  0  0  0  0  0  0  0  0  0  0  0  0  0  0  0  0  0  0  0  0  0  0  0  0  0  0  0  0  0  0  0
AA605_P_7_A0020_dsc_cmd_mode_panel_game_color_enhance_LsRGB_100nits=0.6830  0.3200 0.2650 0.6900 0.1450 0.0550 0.3010 0.3125 0.4545454545  0.6830 0.3200 0.2650 0.6900 0.1450 0.0550 0.3010 0.3125  0.4545454545  1  0  0  0  0  0  0  0.4545454545  1  1  0  0  0  0.05 0.06 0.07 0.09  0.12 0.13 0.14  1  0  0  0  0  0  0  0  0  0  0  0  0  1  0  0  0  0  0  0  0  0  0  0  0  0  0  0  0  0  0  0  0  0  0  0  0  0  0  0  0  0  0  0  0  0
AA605_P_7_A0020_dsc_cmd_mode_panel_game_color_enhance_Cinema_100nits=0.6874 0.3122 0.2392 0.7236 0.1378 0.0450 0.3065 0.3225 0.4545454545  0.6874 0.3122 0.2392 0.7236 0.1378 0.0450 0.3065 0.3225  0.4545454545  1  0  0  0  0  0  0  0.4545454545  1  1  0  0  0  0.01 0.02 0.03 0.03  0.12 0.10 0.01  1  0  0  0  0  0  0  0  0  0  0  0  0  1  0  0  0  0  0  0  0  0  0  0  0  0  0  0  0  0  0  0  0  0  0  0  0  0  0  0  0  0  0  0  0  0
AA605_P_7_A0020_dsc_cmd_mode_panel_game_color_enhance_Nature_100nits=0.6820 0.3200 0.2650 0.6900 0.1450 0.0550 0.3065 0.3225 0.4545454545  0.6820 0.3200 0.2650 0.6900 0.1450 0.0550 0.3065 0.3225  0.4545454545  1  0  0  0  0  0  0  0.4545454545  1  1  0  0  0  0.01 0.02 0.03 0.03  0.12 0.10 0.01  1  0  0  0  0  0  0  0  0  0  0  0  0  1  0  0  0  0  0  0  0  0  0  0  0  0  0  0  0  0  0  0  0  0  0  0  0  0  0  0  0  0  0  0  0  0
AA605_P_7_A0020_dsc_cmd_mode_panel_game_color_enhance_EP3_100nits=0.6874    0.3122 0.2392 0.7236 0.1378 0.0450 0.3010 0.3125 0.4545454545 20  1  0.6874  0.3122 0.2392 0.7236 0.1378 0.0450 0.3010 0.3125  0.4545454545  0.026  0.013  0.252  0.515  -24  0.04  0.02  0.252  0.515  -24  10
AA605_P_7_A0020_dsc_cmd_mode_panel_game_color_enhance_EsRGB_100nits=0.6874  0.3122 0.2392 0.7236 0.1378 0.0450 0.3010 0.3125 0.4545454545 20  1  0.6874  0.3122 0.2392 0.7236 0.1378 0.0450 0.3010 0.3125  0.4545454545  0.026  0.013  0.252  0.515  -24  0.04  0.02  0.252  0.515  -24  10

AA605_P_7_A0020_dsc_cmd_mode_panel_Vivid_2nits=0.6920  0.3260  0.2650 0.6910 0.1435 0.0530 0.3003 0.3133 0.4545454545  0.7000 0.3200 0.2650 0.6900 0.1410 0.0460 0.3003 0.3133 0.4545454545  1  0  0  0  0  0  0  0.4566210046  1  1 0 0.12 0.12 0  0  0  0  0  0  0  1  0  0  0  0  0  0  0  0  0  0  0  0  1  0  0  0  0  0  0  0  0  0  0  0  0  0  0  0  0  0  0  0  0  0  0  0  0  0  0  0  0  0  0  0  0
AA605_P_7_A0020_dsc_cmd_mode_panel_LsRGB_2nits=0.6540  0.3280  0.2990 0.6050 0.1430 0.0530 0.3003 0.3133 0.4545454545  0.6700 0.3300 0.3020 0.6020 0.1410 0.0450 0.3003 0.3133 0.4545454545  1  0  0  0  0  0  0  0.4545454545  1  1 0 0.12 0.12 0  0  0  0  0  0  0  1  0  0  0  0  0  0  0  0  0  0  0  0  1  0  0  0  0  0  0  0  0  0  0  0  0  0  0  0  0  0  0  0  0  0  0  0  0  0  0  0  0  0  0  0  0
AA605_P_7_A0020_dsc_cmd_mode_panel_Cinema_2nits=0.6920 0.3260  0.2650 0.6910 0.1435 0.0530 0.3065 0.3225 0.4545454545  0.6990 0.3200 0.2650 0.6900 0.1410 0.0460 0.3065 0.3225 0.4545454545  1  0  0  0  0  0  0  0.4566210046  1  1 0  0   0    0  0  0  0  0  0  0  1  0  0  0  0  0  0  0  0  0  0  0  0  1  0  0  0  0  0  0  0  0  0  0  0  0  0  0  0  0  0  0  0  0  0  0  0  0  0  0  0  0  0  0  0  0
AA605_P_7_A0020_dsc_cmd_mode_panel_Nature_2nits=0.6480 0.3280  0.2990 0.6050 0.1430 0.0530 0.3065 0.3225 0.4545454545  0.6700 0.3300 0.3020 0.6020 0.1410 0.0450 0.3065 0.3225 0.4545454545  1  0  0  0  0  0  0  0.4566210046  1  1 0  0   0    0  0  0  0  0  0  0  1  0  0  0  0  0  0  0  0  0  0  0  0  1  0  0  0  0  0  0  0  0  0  0  0  0  0  0  0  0  0  0  0  0  0  0  0  0  0  0  0  0  0  0  0  0
AA605_P_7_A0020_dsc_cmd_mode_panel_EP3_2nits=0.6702    0.3250  0.2757 0.6765 0.1396 0.0468 0.3003 0.3133 0.4545454545 20  1  0.64  0.33  0.30  0.60  0.15  0.06  0.3003 0.3133 0.4545454545  0.026  0.013  0.252  0.515  -24  0.04  0.02  0.252  0.515  -24  10
AA605_P_7_A0020_dsc_cmd_mode_panel_EsRGB_2nits=0.6740  0.3215  0.2702 0.6826 0.1385 0.0456 0.3003 0.3133 0.4545454545 20  1  0.64  0.33  0.30  0.60  0.15  0.06  0.3003 0.3133 0.4545454545  0.026  0.013  0.252  0.515  -24  0.04  0.02  0.252  0.515  -24  10
AA605_P_7_A0020_dsc_cmd_mode_panel_game_color_enhance_Vivid_2nits=0.6874  0.3122 0.2392 0.7236 0.1378 0.0450 0.3010 0.3133 0.4545454545  0.6874 0.3122 0.2392 0.7236 0.1378 0.0450 0.3010 0.3133  0.4545454545  1  0  0  0  0  0  0  0.4545454545  1  1  0  0  0  0.05 0.06 0.07 0.085 0.12 0.13 0.14  1  0  0  0  0  0  0  0  0  0  0  0  0  1  0  0  0  0  0  0  0  0  0  0  0  0  0  0  0  0  0  0  0  0  0  0  0  0  0  0  0  0  0  0  0  0
AA605_P_7_A0020_dsc_cmd_mode_panel_game_color_enhance_LsRGB_2nits=0.6830  0.3200 0.2650 0.6900 0.1450 0.0550 0.3010 0.3133 0.4545454545  0.6830 0.3200 0.2650 0.6900 0.1450 0.0550 0.3010 0.3133  0.4545454545  1  0  0  0  0  0  0  0.4545454545  1  1  0  0  0  0.05 0.06 0.07 0.09  0.12 0.13 0.14  1  0  0  0  0  0  0  0  0  0  0  0  0  1  0  0  0  0  0  0  0  0  0  0  0  0  0  0  0  0  0  0  0  0  0  0  0  0  0  0  0  0  0  0  0  0
AA605_P_7_A0020_dsc_cmd_mode_panel_game_color_enhance_Cinema_2nits=0.6874 0.3122 0.2392 0.7236 0.1378 0.0450 0.3065 0.3225 0.4545454545  0.6874 0.3122 0.2392 0.7236 0.1378 0.0450 0.3065 0.3225  0.4545454545  1  0  0  0  0  0  0  0.4545454545  1  1  0  0  0  0.01 0.02 0.03 0.03  0.12 0.10 0.01  1  0  0  0  0  0  0  0  0  0  0  0  0  1  0  0  0  0  0  0  0  0  0  0  0  0  0  0  0  0  0  0  0  0  0  0  0  0  0  0  0  0  0  0  0  0
AA605_P_7_A0020_dsc_cmd_mode_panel_game_color_enhance_Nature_2nits=0.6820 0.3200 0.2650 0.6900 0.1450 0.0550 0.3065 0.3225 0.4545454545  0.6820 0.3200 0.2650 0.6900 0.1450 0.0550 0.3065 0.3225  0.4545454545  1  0  0  0  0  0  0  0.4545454545  1  1  0  0  0  0.01 0.02 0.03 0.03  0.12 0.10 0.01  1  0  0  0  0  0  0  0  0  0  0  0  0  1  0  0  0  0  0  0  0  0  0  0  0  0  0  0  0  0  0  0  0  0  0  0  0  0  0  0  0  0  0  0  0  0
AA605_P_7_A0020_dsc_cmd_mode_panel_game_color_enhance_EP3_2nits=0.6874    0.3122 0.2392 0.7236 0.1378 0.0450 0.3010 0.3133 0.4545454545 20  1  0.6874  0.3122 0.2392 0.7236 0.1378 0.0450 0.3010 0.3133  0.4545454545  0.026  0.013  0.252  0.515  -24  0.04  0.02  0.252  0.515  -24  10
AA605_P_7_A0020_dsc_cmd_mode_panel_game_color_enhance_EsRGB_2nits=0.6874  0.3122 0.2392 0.7236 0.1378 0.0450 0.3010 0.3133 0.4545454545 20  1  0.6874  0.3122 0.2392 0.7236 0.1378 0.0450 0.3010 0.3133  0.4545454545  0.026  0.013  0.252  0.515  -24  0.04  0.02  0.252  0.515  -24  10
